SL-8 DEB                
1 13030U 82001D   25340.87360262  .01512386  11861-2  40072-2 0  9996
2 13030  73.9758 238.6951 0012789 161.2923 198.8786 15.94676802343367
COSMOS 1606             
1 15369U 84111A   25340.88439342  .00336536  42220-4  92799-3 0  9993
2 15369  82.4999 272.8940 0008775 118.6468 241.5690 15.93791240252063
COSMOS 1733             
1 16611U 86018A   25341.10048118  .01844478 -12132-5  78132-3 0  9991
2 16611  82.4442 166.8493 0002969 279.0382  81.0572 16.22941408180723
PEGASUS R/B             
1 25281U 98020B   25341.07250336  .03639613  24379-5  86275-3 0  9990
2 25281  97.2932 211.9596 0000481 111.0227 249.1118 16.29721045523915
TES                     
1 26957U 01049A   25340.64964700  .00494231  10005-3  13402-2 0  9997
2 26957  97.8119 221.6064 0009374  94.4157 265.8188 15.94143504328524
FENGYUN 1C DEB          
1 30486U 99025AGY 25340.59891972  .01173656  65507-3  30703-2 0  9990
2 30486  98.7994  12.9295 0015299 219.2254 140.7910 15.94808417 16565
M3MSAT                  
1 41605U 16040G   25340.83400328  .00588799  16958-3  84502-3 0  9999
2 41605  97.0436  10.1535 0003358 176.9280 183.2023 16.05476544527694
FLOCK 3S-3              
1 43788U 18099AG  25340.72903757  .01195693  69999-3  29186-2 0  9998
2 43788  97.4334  55.2255 0004650 272.1612  87.9131 15.96327812385089
DUCHIFAT-3              
1 44854U 19089C   25337.20011490  .01105376  61298-3  19590-2 0  9997
2 44854  36.9264 289.0060 0011658 216.1192 143.8795 16.00863037330619
STARLINK-1107           
1 44972U 20001BL  25341.00002315  .01178653  72009-3  22888-2 0  9997
2 44972  52.9968 257.7703 0007514 151.5526 261.3545 15.99801918  5978
STARLINK-1475           
1 45739U 20038K   25340.98628016  .00760741  31631-3  88602-3 0  9994
2 45739  53.0375 134.9134 0004096 313.1345  46.9345 16.08219120304443
STARLINK-1692           
1 46542U 20070L   25340.51116025  .02191163  63775-2  14436-2 0  9998
2 46542  53.0259 157.3639 0005808 286.8671  73.1729 16.18020865286541
STARLINK-2340           
1 47882U 21021Y   25341.00002315  .00938450  42327-3  19724-2 0  9996
2 47882  53.0239 227.5103 0007632 176.7442  49.6508 15.98337156  5906
STARLINK-2368           
1 47908U 21021BA  25341.00002315  .00548024  13185-3  14703-2 0  9991
2 47908  53.0455 311.1407 0009625  81.7252 256.8601 15.93804961  5982
TUBIN                   
1 48900U 21059X   25340.69616727  .00838377  37435-3  11149-2 0  9995
2 48900  97.6690 168.2010 0003699 277.4909  82.5952 16.06761960248358
ARTHUR-1                
1 48953U 21059CC  25340.91226783  .00300548  36933-4  83589-3 0  9992
2 48953  97.6560 172.4672 0002449 275.3688  84.7306 15.93741869248680
STARLINK-3663           
1 51976U 22025W   25340.53292903  .00685182  24040-3  98244-3 0  9999
2 51976  53.2006 355.5506 0004881  34.2770 325.8578 16.04882510208439
STARLINK-3722           
1 52089U 22029B   25340.94144111  .00923402  51485-3  85816-3 0  9995
2 52089  53.2108 114.7194 0004165 194.2341 165.8579 16.11696323207088
NUSAT-25 (MARIA TELKES) 
1 52171U 22033Q   25340.92710502  .00616654  16387-3  14619-2 0  9995
2 52171  97.2346  68.9535 0004458 287.6993  72.3796 15.96731673206561
JILIN-1 GAOFEN 4A       
1 52388U 22046A   25340.91225263  .00583410  15475-3  11026-2 0  9992
2 52388  97.4850  89.4374 0007070 293.6448  66.4087 16.00762897200689
NUSAT-29 (EDITH CLARKE) 
1 52764U 22057AJ  25340.90321923  .00959156  49904-3  13429-2 0  9998
2 52764  97.4845 124.5612 0006153 281.6543  78.4047 16.05932957197934
STARLINK-4511           
1 53527U 22101A   25341.07699586  .01508893  14275-2  21872-2 0  9990
2 53527  53.1875  52.1503 0008517 343.1870  16.8880 16.04919350183276
STARLINK-5056           
1 53910U 22119AA  25341.00002315  .00302631  46207-4  84015-3 0  9998
2 53910  53.2071 270.5442 0005427 118.1892 100.1278 15.93297746  5850
SKYKRAFT-1B             
1 55058U 23001BB  25340.84915367  .01587694  21722-2  11986-2 0  9999
2 55058  97.3257  58.8381 0004415 294.2302  65.8523 16.15825948163869
OBJECT CA               
1 55081U 23001CA  25340.90756005  .00387307  59289-4  11728-2 0  9997
2 55081  97.3383  58.6569 0001234 358.1233   2.0036 15.92105673163839
KSF3-A                  
1 55086U 23001CF  25340.92297096  .01673241  22260-2  16735-2 0  9990
2 55086  97.3321  59.4171 0007535 313.4934  46.5723 16.11665390163875
OBJECT A                
1 55133U 23003A   25340.80544269  .02297073  57648-2  25411-2 0  9994
2 55133  97.1466  56.3858 0008678 325.4929  34.5791 16.11013846162773
GHOST-2                 
1 56197U 23054V   25340.75200145  .00878804  43376-3  10139-2 0  9997
2 56197  97.3067 256.1517 0004089 106.8031 253.3702 16.09036407149562
SKYKRAFT-3              
1 56229U 23084BN  25340.93939288  .00953081  47180-3  15338-2 0  9997
2 56229  97.5701 128.5343 0006611 284.8627  75.1920 16.03606356139195
TROPICS-03              
1 56753U 23073B   25340.88872453  .01618852  16270-2  23342-2 0  9995
2 56753  32.7211 282.3385 0008448 227.1184 132.8805 16.04556860141851
AFRL-XVI                
1 56942U 23084L   25340.91707549  .00268208  29399-4  77962-3 0  9995
2 56942  97.5721 134.1500 0003044 269.9702  90.1223 15.92897345139563
SHIYAN-25 (SY-25)       
1 57047U 23087A   25340.71037275 -.00033478  23157-5 -61075-4 0  9992
2 57047  96.6170  36.9727 0012495 246.6177 113.3790 16.00899753144003
QIANKUN-1               
1 57422U 23103B   25340.70728587  .00023471  19049-5  43186-4 0  9998
2 57422  96.2340  33.2718 0021392 166.1352 194.0522 16.01146618136402
STARLINK-30190          
1 57471U 23107Q   25340.85341969  .01075776  62662-3  14874-2 0  9990
2 57471  42.9679  41.8124 0023194  46.8566 313.4248 16.04711571132090
PEARL 1C                
1 58342U 23174CQ  25340.82879416  .02398783  83338-2  21355-2 0  9993
2 58342  97.3836  74.3790 0006674 316.0496  44.0259 16.14991733116750
OBJECT R                
1 59113U 24043R   25340.92167589  .00495470  97814-4  14973-2 0  9991
2 59113  97.5065 126.0889 0003162 255.9616 104.1307 15.92139519 98708
STARLINK-31841          
1 59732U 24090C   25339.90354358  .02034863  39203-2  17701-2 0  9993
2 59732  42.9724 285.0035 0015079 162.3077 197.8334 16.12968915 89872
PICO-02B022             
1 60571U 24149DH  25340.63280270  .02891468  84219-2  69054-2 0  9991
2 60571  97.6725  72.6050 0010252 308.1314  51.9038 15.98632573 72382
CZ-6A DEB               
1 61172U 24140RS  25340.87404767  .07358479 -10787-5  50715-2 0  9997
2 61172  89.0295 291.9274 0014612  75.7994 284.4925 16.16307363 71537
STARLINK-11336 [DTC]    
1 61698U 24195M   25339.94734679  .01206871  78469-3  21050-2 0  9994
2 61698  53.1413 117.0807 0010613 306.3659  53.6392 16.01620064 64460
HYPE                    
1 62687U 25009CG  25340.76437457  .02712333  92151-2  41274-2 0  9993
2 62687  97.4038  67.2174 0009090 303.5194  56.5219 16.06756989 50046
CZ-2F R/B               
1 66646U 25272B   25340.87200256  .04803871  78554-5  45837-3 0  9995
2 66646  41.4537  46.5611 0038093 222.6714 137.1190 16.34691308  1895
